  1.8400000e+002  1.7000000e+001 -1.2490458e+000
  1.9400000e+002  4.4000000e+001  1.9513027e+000
  1.9800000e+002  2.0000000e+001 -1.0141970e+000
  1.2400000e+002  3.8000000e+001  2.0255156e+000
  2.1500000e+002  6.3000000e+001  1.9703118e+000
  1.1500000e+002  3.7000000e+001 -9.8279372e-001
  2.9900000e+002  3.7000000e+001 -7.8539816e-001
  2.3300000e+002  4.0000000e+001 -1.0808390e+000
  2.1200000e+002  5.0000000e+001  1.9890207e+000
  2.9700000e+002  5.2000000e+001 -1.0303768e+000
  3.0000000e+002  2.5000000e+002 -1.5263811e+000
  3.0100000e+002  5.9000000e+001 -1.0808390e+000
  2.0600000e+002  6.6000000e+001 -1.3948567e+000
  7.6000000e+001  7.1000000e+001 -7.8539816e-001
  2.7600000e+002  1.6100000e+002 -9.8279372e-001
  2.6200000e+002  9.4000000e+001 -1.0468770e+000
  2.3900000e+002  1.0300000e+002  1.7467360e+000
  2.8300000e+002  1.3700000e+002 -1.2291808e+000
  2.7400000e+002  1.4100000e+002  2.0607537e+000
  8.3000000e+001  1.7400000e+002  3.0309354e+000
  1.4600000e+002  1.8700000e+002  7.2219133e-001
  4.3000000e+001  2.3600000e+002 -2.6135182e+000
  3.2000000e+001  1.9300000e+002  3.8050638e-001
  3.9000000e+001  2.1600000e+002 -2.7999772e+000
  1.8000000e+001  2.0000000e+002  2.8123220e-001
  2.2800000e+002  2.2200000e+002  1.3948567e+000
  2.7100000e+002  2.0500000e+002 -1.5042282e+000
  2.4500000e+002  2.0900000e+002  1.7467360e+000
  3.0100000e+002  2.0600000e+002 -1.1525720e+000
  2.6200000e+002  2.1700000e+002  1.7033479e+000
  1.1000000e+002  2.7200000e+002 -2.2318395e+000
  3.0200000e+002  2.4000000e+002 -1.3734008e+000
  1.2700000e+002  2.5100000e+002  8.5670563e-001
  2.5900000e+002  2.5600000e+002  1.5707963e+000
  2.8700000e+002  2.5900000e+002 -1.6373645e+000
  2.8500000e+002  2.6700000e+002 -1.6814535e+000
  2.2700000e+002  3.1000000e+001 -1.7329952e+000
  2.2900000e+002  3.1000000e+001  2.1753949e+000
  2.2800000e+002  3.3000000e+001 -7.9663365e-001
  1.5400000e+002  1.6100000e+002  2.7149652e+000
  1.5300000e+002  1.6300000e+002 -6.0459859e-001
  1.5500000e+002  1.6300000e+002  6.4058567e-001
  2.3900000e+002  1.2900000e+002  2.1875976e+000
  2.3700000e+002  1.3100000e+002 -1.1593401e+000
  2.3900000e+002  1.3100000e+002  1.3559809e+000
  2.6800000e+002  1.3400000e+002 -1.7506498e+000
  2.7000000e+002  1.3400000e+002  2.0840486e+000
  2.6800000e+002  1.3600000e+002 -8.8034987e-001
  2.1700000e+002  1.4700000e+002  2.1753949e+000
  2.1500000e+002  1.4800000e+002 -1.4621351e+000
  2.1700000e+002  1.4900000e+002  1.3386925e+000
  2.0000000e+002  1.7400000e+002  2.0977396e+000
  1.9800000e+002  1.7500000e+002 -1.8370484e+000
  2.0000000e+002  1.7600000e+002  1.1292040e+000
  1.8400000e+002  1.7000000e+001  1.0000000e+000
  1.8300000e+002  1.7000000e+001  1.0000000e+000
  1.8200000e+002  1.8000000e+001  1.0000000e+000
  1.8100000e+002  1.8000000e+001  1.0000000e+000
  1.8000000e+002  1.8000000e+001  1.0000000e+000
  1.7900000e+002  1.9000000e+001  1.0000000e+000
  1.7800000e+002  1.9000000e+001  1.0000000e+000
  1.7700000e+002  1.9000000e+001  1.0000000e+000
  1.7600000e+002  2.0000000e+001  1.0000000e+000
  1.7500000e+002  2.0000000e+001  1.0000000e+000
  1.9400000e+002  4.4000000e+001  2.0000000e+000
  1.9500000e+002  4.4000000e+001  2.0000000e+000
  1.9600000e+002  4.3000000e+001  2.0000000e+000
  1.9700000e+002  4.3000000e+001  2.0000000e+000
  1.9800000e+002  4.2000000e+001  2.0000000e+000
  1.9900000e+002  4.2000000e+001  2.0000000e+000
  2.0000000e+002  4.2000000e+001  2.0000000e+000
  2.0100000e+002  4.1000000e+001  2.0000000e+000
  2.0200000e+002  4.1000000e+001  2.0000000e+000
  2.0300000e+002  4.0000000e+001  2.0000000e+000
  1.9800000e+002  2.0000000e+001  3.0000000e+000
  1.9700000e+002  2.1000000e+001  3.0000000e+000
  1.9600000e+002  2.1000000e+001  3.0000000e+000
  1.9500000e+002  2.2000000e+001  3.0000000e+000
  1.9400000e+002  2.3000000e+001  3.0000000e+000
  1.9300000e+002  2.3000000e+001  3.0000000e+000
  1.9200000e+002  2.4000000e+001  3.0000000e+000
  1.9100000e+002  2.4000000e+001  3.0000000e+000
  1.9000000e+002  2.5000000e+001  3.0000000e+000
  1.8900000e+002  2.5000000e+001  3.0000000e+000
  1.2400000e+002  3.8000000e+001  4.0000000e+000
  1.2500000e+002  3.8000000e+001  4.0000000e+000
  1.2600000e+002  3.7000000e+001  4.0000000e+000
  1.2700000e+002  3.7000000e+001  4.0000000e+000
  1.2800000e+002  3.6000000e+001  4.0000000e+000
  1.2900000e+002  3.6000000e+001  4.0000000e+000
  1.3000000e+002  3.5000000e+001  4.0000000e+000
  1.3100000e+002  3.4000000e+001  4.0000000e+000
  1.3200000e+002  3.4000000e+001  4.0000000e+000
  1.3300000e+002  3.3000000e+001  4.0000000e+000
  2.1500000e+002  6.3000000e+001  5.0000000e+000
  2.1600000e+002  6.3000000e+001  5.0000000e+000
  2.1700000e+002  6.2000000e+001  5.0000000e+000
  2.1800000e+002  6.2000000e+001  5.0000000e+000
  2.1900000e+002  6.1000000e+001  5.0000000e+000
  2.2000000e+002  6.1000000e+001  5.0000000e+000
  2.2100000e+002  6.0000000e+001  5.0000000e+000
  2.2200000e+002  6.0000000e+001  5.0000000e+000
  2.2300000e+002  6.0000000e+001  5.0000000e+000
  2.2400000e+002  5.9000000e+001  5.0000000e+000
  1.1500000e+002  3.7000000e+001  6.0000000e+000
  1.1400000e+002  3.7000000e+001  6.0000000e+000
  1.1300000e+002  3.8000000e+001  6.0000000e+000
  1.1200000e+002  3.9000000e+001  6.0000000e+000
  1.1100000e+002  4.0000000e+001  6.0000000e+000
  1.1000000e+002  4.0000000e+001  6.0000000e+000
  1.0900000e+002  4.1000000e+001  6.0000000e+000
  1.0800000e+002  4.2000000e+001  6.0000000e+000
  1.0700000e+002  4.3000000e+001  6.0000000e+000
  1.0600000e+002  4.3000000e+001  6.0000000e+000
  2.9900000e+002  3.7000000e+001  7.0000000e+000
  2.9800000e+002  3.8000000e+001  7.0000000e+000
  2.9700000e+002  3.9000000e+001  7.0000000e+000
  2.9600000e+002  4.0000000e+001  7.0000000e+000
  2.9500000e+002  4.1000000e+001  7.0000000e+000
  2.9400000e+002  4.2000000e+001  7.0000000e+000
  2.9300000e+002  4.3000000e+001  7.0000000e+000
  2.9200000e+002  4.4000000e+001  7.0000000e+000
  2.9100000e+002  4.5000000e+001  7.0000000e+000
  2.9000000e+002  4.6000000e+001  7.0000000e+000
  2.3300000e+002  4.0000000e+001  8.0000000e+000
  2.3200000e+002  4.1000000e+001  8.0000000e+000
  2.3100000e+002  4.1000000e+001  8.0000000e+000
  2.3000000e+002  4.2000000e+001  8.0000000e+000
  2.2900000e+002  4.2000000e+001  8.0000000e+000
  2.2800000e+002  4.3000000e+001  8.0000000e+000
  2.2700000e+002  4.3000000e+001  8.0000000e+000
  2.2600000e+002  4.4000000e+001  8.0000000e+000
  2.2500000e+002  4.4000000e+001  8.0000000e+000
  2.2400000e+002  4.4000000e+001  8.0000000e+000
  2.1200000e+002  5.0000000e+001  9.0000000e+000
  2.1300000e+002  5.0000000e+001  9.0000000e+000
  2.1400000e+002  4.9000000e+001  9.0000000e+000
  2.1500000e+002  4.9000000e+001  9.0000000e+000
  2.1600000e+002  4.8000000e+001  9.0000000e+000
  2.1700000e+002  4.8000000e+001  9.0000000e+000
  2.1800000e+002  4.7000000e+001  9.0000000e+000
  2.1900000e+002  4.7000000e+001  9.0000000e+000
  2.2000000e+002  4.6000000e+001  9.0000000e+000
  2.2100000e+002  4.6000000e+001  9.0000000e+000
  2.9700000e+002  5.2000000e+001  1.0000000e+001
  2.9600000e+002  5.2000000e+001  1.0000000e+001
  2.9500000e+002  5.3000000e+001  1.0000000e+001
  2.9400000e+002  5.4000000e+001  1.0000000e+001
  2.9300000e+002  5.5000000e+001  1.0000000e+001
  2.9200000e+002  5.5000000e+001  1.0000000e+001
  2.9100000e+002  5.6000000e+001  1.0000000e+001
  2.9000000e+002  5.6000000e+001  1.0000000e+001
  2.8900000e+002  5.7000000e+001  1.0000000e+001
  2.8800000e+002  5.7000000e+001  1.0000000e+001
  3.0000000e+002  2.5000000e+002  1.1000000e+001
  2.9900000e+002  2.5000000e+002  1.1000000e+001
  2.9800000e+002  2.5000000e+002  1.1000000e+001
  2.9700000e+002  2.5000000e+002  1.1000000e+001
  2.9600000e+002  2.5000000e+002  1.1000000e+001
  2.9500000e+002  2.5000000e+002  1.1000000e+001
  2.9400000e+002  2.5000000e+002  1.1000000e+001
  2.9300000e+002  2.5000000e+002  1.1000000e+001
  2.9200000e+002  2.5100000e+002  1.1000000e+001
  2.9100000e+002  2.5100000e+002  1.1000000e+001
  3.0100000e+002  5.9000000e+001  1.2000000e+001
  3.0000000e+002  5.9000000e+001  1.2000000e+001
  2.9900000e+002  6.0000000e+001  1.2000000e+001
  2.9800000e+002  6.1000000e+001  1.2000000e+001
  2.9700000e+002  6.1000000e+001  1.2000000e+001
  2.9600000e+002  6.2000000e+001  1.2000000e+001
  2.9500000e+002  6.2000000e+001  1.2000000e+001
  2.9400000e+002  6.3000000e+001  1.2000000e+001
  2.9300000e+002  6.3000000e+001  1.2000000e+001
  2.9200000e+002  6.4000000e+001  1.2000000e+001
  2.0600000e+002  6.6000000e+001  1.3000000e+001
  2.0500000e+002  6.6000000e+001  1.3000000e+001
  2.0400000e+002  6.6000000e+001  1.3000000e+001
  2.0300000e+002  6.6000000e+001  1.3000000e+001
  2.0200000e+002  6.7000000e+001  1.3000000e+001
  2.0100000e+002  6.7000000e+001  1.3000000e+001
  2.0000000e+002  6.7000000e+001  1.3000000e+001
  1.9900000e+002  6.7000000e+001  1.3000000e+001
  1.9800000e+002  6.8000000e+001  1.3000000e+001
  1.9700000e+002  6.8000000e+001  1.3000000e+001
  7.6000000e+001  7.1000000e+001  1.4000000e+001
  7.5000000e+001  7.2000000e+001  1.4000000e+001
  7.4000000e+001  7.3000000e+001  1.4000000e+001
  7.3000000e+001  7.4000000e+001  1.4000000e+001
  7.2000000e+001  7.5000000e+001  1.4000000e+001
  7.1000000e+001  7.6000000e+001  1.4000000e+001
  7.0000000e+001  7.7000000e+001  1.4000000e+001
  6.9000000e+001  7.8000000e+001  1.4000000e+001
  6.8000000e+001  7.9000000e+001  1.4000000e+001
  6.7000000e+001  8.0000000e+001  1.4000000e+001
  2.7600000e+002  1.6100000e+002  1.5000000e+001
  2.7500000e+002  1.6200000e+002  1.5000000e+001
  2.7400000e+002  1.6200000e+002  1.5000000e+001
  2.7300000e+002  1.6300000e+002  1.5000000e+001
  2.7200000e+002  1.6400000e+002  1.5000000e+001
  2.7100000e+002  1.6500000e+002  1.5000000e+001
  2.7000000e+002  1.6500000e+002  1.5000000e+001
  2.6900000e+002  1.6600000e+002  1.5000000e+001
  2.6800000e+002  1.6600000e+002  1.5000000e+001
  2.6700000e+002  1.6600000e+002  1.5000000e+001
  2.6200000e+002  9.4000000e+001  1.6000000e+001
  2.6100000e+002  9.5000000e+001  1.6000000e+001
  2.6000000e+002  9.6000000e+001  1.6000000e+001
  2.5900000e+002  9.6000000e+001  1.6000000e+001
  2.5800000e+002  9.7000000e+001  1.6000000e+001
  2.5700000e+002  9.7000000e+001  1.6000000e+001
  2.5600000e+002  9.7000000e+001  1.6000000e+001
  2.5500000e+002  9.8000000e+001  1.6000000e+001
  2.5400000e+002  9.8000000e+001  1.6000000e+001
  2.5300000e+002  9.8000000e+001  1.6000000e+001
  2.3900000e+002  1.0300000e+002  1.7000000e+001
  2.4000000e+002  1.0300000e+002  1.7000000e+001
  2.4100000e+002  1.0400000e+002  1.7000000e+001
  2.4200000e+002  1.0300000e+002  1.7000000e+001
  2.4300000e+002  1.0300000e+002  1.7000000e+001
  2.4400000e+002  1.0200000e+002  1.7000000e+001
  2.4500000e+002  1.0200000e+002  1.7000000e+001
  2.4600000e+002  1.0100000e+002  1.7000000e+001
  2.4700000e+002  1.0100000e+002  1.7000000e+001
  2.4800000e+002  1.0000000e+002  1.7000000e+001
  2.8300000e+002  1.3700000e+002  1.8000000e+001
  2.8200000e+002  1.3700000e+002  1.8000000e+001
  2.8100000e+002  1.3700000e+002  1.8000000e+001
  2.8000000e+002  1.3800000e+002  1.8000000e+001
  2.7900000e+002  1.3800000e+002  1.8000000e+001
  2.7800000e+002  1.3900000e+002  1.8000000e+001
  2.7700000e+002  1.3900000e+002  1.8000000e+001
  2.7600000e+002  1.4000000e+002  1.8000000e+001
  2.7500000e+002  1.4000000e+002  1.8000000e+001
  2.7400000e+002  1.4100000e+002  1.8000000e+001
  2.7400000e+002  1.4100000e+002  1.9000000e+001
  2.7500000e+002  1.4000000e+002  1.9000000e+001
  2.7600000e+002  1.4000000e+002  1.9000000e+001
  2.7700000e+002  1.3900000e+002  1.9000000e+001
  2.7800000e+002  1.3900000e+002  1.9000000e+001
  2.7900000e+002  1.3800000e+002  1.9000000e+001
  2.8000000e+002  1.3800000e+002  1.9000000e+001
  2.8100000e+002  1.3700000e+002  1.9000000e+001
  2.8200000e+002  1.3700000e+002  1.9000000e+001
  2.8300000e+002  1.3700000e+002  1.9000000e+001
  8.3000000e+001  1.7400000e+002  2.0000000e+001
  8.3000000e+001  1.7300000e+002  2.0000000e+001
  8.3000000e+001  1.7200000e+002  2.0000000e+001
  8.3000000e+001  1.7100000e+002  2.0000000e+001
  8.3000000e+001  1.7000000e+002  2.0000000e+001
  8.4000000e+001  1.6900000e+002  2.0000000e+001
  8.4000000e+001  1.6800000e+002  2.0000000e+001
  8.4000000e+001  1.6700000e+002  2.0000000e+001
  8.4000000e+001  1.6600000e+002  2.0000000e+001
  8.4000000e+001  1.6500000e+002  2.0000000e+001
  1.4600000e+002  1.8700000e+002  2.1000000e+001
  1.4700000e+002  1.8800000e+002  2.1000000e+001
  1.4700000e+002  1.8900000e+002  2.1000000e+001
  1.4800000e+002  1.9000000e+002  2.1000000e+001
  1.4900000e+002  1.9100000e+002  2.1000000e+001
  1.5000000e+002  1.9200000e+002  2.1000000e+001
  1.5100000e+002  1.9300000e+002  2.1000000e+001
  1.5200000e+002  1.9300000e+002  2.1000000e+001
  1.5300000e+002  1.9400000e+002  2.1000000e+001
  1.5400000e+002  1.9500000e+002  2.1000000e+001
  4.3000000e+001  2.3600000e+002  2.2000000e+001
  4.2000000e+001  2.3500000e+002  2.2000000e+001
  4.2000000e+001  2.3400000e+002  2.2000000e+001
  4.1000000e+001  2.3300000e+002  2.2000000e+001
  4.1000000e+001  2.3200000e+002  2.2000000e+001
  4.0000000e+001  2.3100000e+002  2.2000000e+001
  4.0000000e+001  2.3000000e+002  2.2000000e+001
  3.9000000e+001  2.2900000e+002  2.2000000e+001
  3.8000000e+001  2.2800000e+002  2.2000000e+001
  3.2000000e+001  1.9300000e+002  2.3000000e+001
  3.3000000e+001  1.9400000e+002  2.3000000e+001
  3.3000000e+001  1.9500000e+002  2.3000000e+001
  3.4000000e+001  1.9600000e+002  2.3000000e+001
  3.4000000e+001  1.9700000e+002  2.3000000e+001
  3.4000000e+001  1.9800000e+002  2.3000000e+001
  3.4000000e+001  1.9900000e+002  2.3000000e+001
  3.4000000e+001  2.0000000e+002  2.3000000e+001
  3.5000000e+001  2.0100000e+002  2.3000000e+001
  3.5000000e+001  2.0200000e+002  2.3000000e+001
  3.9000000e+001  2.1600000e+002  2.4000000e+001
  3.8000000e+001  2.1500000e+002  2.4000000e+001
  3.8000000e+001  2.1400000e+002  2.4000000e+001
  3.8000000e+001  2.1300000e+002  2.4000000e+001
  3.8000000e+001  2.1200000e+002  2.4000000e+001
  3.7000000e+001  2.1100000e+002  2.4000000e+001
  3.7000000e+001  2.1000000e+002  2.4000000e+001
  3.7000000e+001  2.0900000e+002  2.4000000e+001
  3.6000000e+001  2.0800000e+002  2.4000000e+001
  3.6000000e+001  2.0700000e+002  2.4000000e+001
  1.8000000e+001  2.0000000e+002  2.5000000e+001
  1.8000000e+001  2.0100000e+002  2.5000000e+001
  1.9000000e+001  2.0200000e+002  2.5000000e+001
  1.9000000e+001  2.0300000e+002  2.5000000e+001
  1.9000000e+001  2.0400000e+002  2.5000000e+001
  2.0000000e+001  2.0500000e+002  2.5000000e+001
  2.0000000e+001  2.0600000e+002  2.5000000e+001
  2.0000000e+001  2.0700000e+002  2.5000000e+001
  2.0000000e+001  2.0800000e+002  2.5000000e+001
  2.0000000e+001  2.0900000e+002  2.5000000e+001
  2.2800000e+002  2.2200000e+002  2.6000000e+001
  2.2900000e+002  2.2200000e+002  2.6000000e+001
  2.3000000e+002  2.2300000e+002  2.6000000e+001
  2.3100000e+002  2.2300000e+002  2.6000000e+001
  2.3200000e+002  2.2300000e+002  2.6000000e+001
  2.3300000e+002  2.2300000e+002  2.6000000e+001
  2.3400000e+002  2.2300000e+002  2.6000000e+001
  2.3500000e+002  2.2300000e+002  2.6000000e+001
  2.3600000e+002  2.2300000e+002  2.6000000e+001
  2.3700000e+002  2.2300000e+002  2.6000000e+001
  2.7100000e+002  2.0500000e+002  2.7000000e+001
  2.7000000e+002  2.0500000e+002  2.7000000e+001
  2.6900000e+002  2.0500000e+002  2.7000000e+001
  2.6800000e+002  2.0500000e+002  2.7000000e+001
  2.6700000e+002  2.0500000e+002  2.7000000e+001
  2.6600000e+002  2.0500000e+002  2.7000000e+001
  2.6500000e+002  2.0500000e+002  2.7000000e+001
  2.6400000e+002  2.0600000e+002  2.7000000e+001
  2.6300000e+002  2.0600000e+002  2.7000000e+001
  2.6200000e+002  2.0600000e+002  2.7000000e+001
  2.4500000e+002  2.0900000e+002  2.8000000e+001
  2.4600000e+002  2.0900000e+002  2.8000000e+001
  2.4700000e+002  2.0800000e+002  2.8000000e+001
  2.4800000e+002  2.0800000e+002  2.8000000e+001
  2.4900000e+002  2.0800000e+002  2.8000000e+001
  2.5000000e+002  2.0800000e+002  2.8000000e+001
  2.5100000e+002  2.0800000e+002  2.8000000e+001
  2.5200000e+002  2.0800000e+002  2.8000000e+001
  2.5300000e+002  2.0800000e+002  2.8000000e+001
  2.5400000e+002  2.0800000e+002  2.8000000e+001
  3.0100000e+002  2.0600000e+002  2.9000000e+001
  3.0000000e+002  2.0700000e+002  2.9000000e+001
  2.9900000e+002  2.0700000e+002  2.9000000e+001
  2.9800000e+002  2.0700000e+002  2.9000000e+001
  2.9700000e+002  2.0800000e+002  2.9000000e+001
  2.9600000e+002  2.0800000e+002  2.9000000e+001
  2.9500000e+002  2.0900000e+002  2.9000000e+001
  2.9400000e+002  2.0900000e+002  2.9000000e+001
  2.9300000e+002  2.0900000e+002  2.9000000e+001
  2.9200000e+002  2.1000000e+002  2.9000000e+001
  2.6200000e+002  2.1700000e+002  3.0000000e+001
  2.6300000e+002  2.1700000e+002  3.0000000e+001
  2.6400000e+002  2.1700000e+002  3.0000000e+001
  2.6500000e+002  2.1700000e+002  3.0000000e+001
  2.6600000e+002  2.1600000e+002  3.0000000e+001
  2.6700000e+002  2.1600000e+002  3.0000000e+001
  2.6800000e+002  2.1600000e+002  3.0000000e+001
  2.6900000e+002  2.1600000e+002  3.0000000e+001
  2.7000000e+002  2.1600000e+002  3.0000000e+001
  2.7100000e+002  2.1600000e+002  3.0000000e+001
  1.1000000e+002  2.7200000e+002  3.1000000e+001
  1.0900000e+002  2.7100000e+002  3.1000000e+001
  1.0800000e+002  2.7000000e+002  3.1000000e+001
  1.0700000e+002  2.7000000e+002  3.1000000e+001
  1.0600000e+002  2.6900000e+002  3.1000000e+001
  1.0500000e+002  2.6800000e+002  3.1000000e+001
  1.0400000e+002  2.6700000e+002  3.1000000e+001
  1.0300000e+002  2.6700000e+002  3.1000000e+001
  1.0200000e+002  2.6600000e+002  3.1000000e+001
  1.0100000e+002  2.6500000e+002  3.1000000e+001
  3.0200000e+002  2.4000000e+002  3.2000000e+001
  3.0100000e+002  2.4000000e+002  3.2000000e+001
  3.0000000e+002  2.4100000e+002  3.2000000e+001
  2.9900000e+002  2.4100000e+002  3.2000000e+001
  2.9800000e+002  2.4100000e+002  3.2000000e+001
  2.9700000e+002  2.4100000e+002  3.2000000e+001
  2.9600000e+002  2.4100000e+002  3.2000000e+001
  2.9500000e+002  2.4100000e+002  3.2000000e+001
  2.9400000e+002  2.4100000e+002  3.2000000e+001
  2.9300000e+002  2.4200000e+002  3.2000000e+001
  1.2700000e+002  2.5100000e+002  3.3000000e+001
  1.2800000e+002  2.5200000e+002  3.3000000e+001
  1.2900000e+002  2.5300000e+002  3.3000000e+001
  1.3000000e+002  2.5400000e+002  3.3000000e+001
  1.3100000e+002  2.5400000e+002  3.3000000e+001
  1.3200000e+002  2.5500000e+002  3.3000000e+001
  1.3300000e+002  2.5600000e+002  3.3000000e+001
  1.3400000e+002  2.5700000e+002  3.3000000e+001
  1.3500000e+002  2.5800000e+002  3.3000000e+001
  1.3600000e+002  2.5900000e+002  3.3000000e+001
  2.5900000e+002  2.5600000e+002  3.4000000e+001
  2.6000000e+002  2.5600000e+002  3.4000000e+001
  2.6100000e+002  2.5600000e+002  3.4000000e+001
  2.6200000e+002  2.5600000e+002  3.4000000e+001
  2.6300000e+002  2.5600000e+002  3.4000000e+001
  2.6400000e+002  2.5600000e+002  3.4000000e+001
  2.6500000e+002  2.5600000e+002  3.4000000e+001
  2.6600000e+002  2.5600000e+002  3.4000000e+001
  2.6700000e+002  2.5600000e+002  3.4000000e+001
  2.6800000e+002  2.5600000e+002  3.4000000e+001
  2.8700000e+002  2.5900000e+002  3.5000000e+001
  2.8600000e+002  2.5900000e+002  3.5000000e+001
  2.8500000e+002  2.5900000e+002  3.5000000e+001
  2.8400000e+002  2.5900000e+002  3.5000000e+001
  2.8300000e+002  2.5900000e+002  3.5000000e+001
  2.8200000e+002  2.5900000e+002  3.5000000e+001
  2.8100000e+002  2.5900000e+002  3.5000000e+001
  2.8000000e+002  2.5800000e+002  3.5000000e+001
  2.7900000e+002  2.5800000e+002  3.5000000e+001
  2.7800000e+002  2.5800000e+002  3.5000000e+001
  2.8500000e+002  2.6700000e+002  3.6000000e+001
  2.8400000e+002  2.6700000e+002  3.6000000e+001
  2.8300000e+002  2.6700000e+002  3.6000000e+001
  2.8200000e+002  2.6700000e+002  3.6000000e+001
  2.8100000e+002  2.6700000e+002  3.6000000e+001
  2.8000000e+002  2.6600000e+002  3.6000000e+001
  2.7900000e+002  2.6600000e+002  3.6000000e+001
  2.7800000e+002  2.6600000e+002  3.6000000e+001
  2.7700000e+002  2.6600000e+002  3.6000000e+001
  2.7600000e+002  2.6600000e+002  3.6000000e+001
  2.2700000e+002  3.1000000e+001  3.7000000e+001
  2.2600000e+002  3.1000000e+001  3.7000000e+001
  2.2500000e+002  3.0000000e+001  3.7000000e+001
  2.2400000e+002  3.1000000e+001  3.7000000e+001
  2.2300000e+002  3.1000000e+001  3.7000000e+001
  2.2200000e+002  3.1000000e+001  3.7000000e+001
  2.2100000e+002  3.1000000e+001  3.7000000e+001
  2.2000000e+002  3.1000000e+001  3.7000000e+001
  2.1900000e+002  3.2000000e+001  3.7000000e+001
  2.1800000e+002  3.2000000e+001  3.7000000e+001
  2.2900000e+002  3.1000000e+001  3.8000000e+001
  2.3000000e+002  3.0000000e+001  3.8000000e+001
  2.3100000e+002  3.0000000e+001  3.8000000e+001
  2.3200000e+002  2.9000000e+001  3.8000000e+001
  2.3300000e+002  2.8000000e+001  3.8000000e+001
  2.3400000e+002  2.8000000e+001  3.8000000e+001
  2.3500000e+002  2.7000000e+001  3.8000000e+001
  2.3600000e+002  2.7000000e+001  3.8000000e+001
  2.3700000e+002  2.6000000e+001  3.8000000e+001
  2.3800000e+002  2.6000000e+001  3.8000000e+001
  2.2800000e+002  3.3000000e+001  3.9000000e+001
  2.2700000e+002  3.4000000e+001  3.9000000e+001
  2.2600000e+002  3.5000000e+001  3.9000000e+001
  2.2500000e+002  3.6000000e+001  3.9000000e+001
  2.2400000e+002  3.6000000e+001  3.9000000e+001
  2.2300000e+002  3.7000000e+001  3.9000000e+001
  2.2200000e+002  3.7000000e+001  3.9000000e+001
  2.2100000e+002  3.8000000e+001  3.9000000e+001
  2.2000000e+002  3.9000000e+001  3.9000000e+001
  2.1900000e+002  3.9000000e+001  3.9000000e+001
  1.5400000e+002  1.6100000e+002  4.0000000e+001
  1.5400000e+002  1.6000000e+002  4.0000000e+001
  1.5400000e+002  1.5900000e+002  4.0000000e+001
  1.5500000e+002  1.5800000e+002  4.0000000e+001
  1.5600000e+002  1.5700000e+002  4.0000000e+001
  1.5700000e+002  1.5600000e+002  4.0000000e+001
  1.5800000e+002  1.5500000e+002  4.0000000e+001
  1.5800000e+002  1.5400000e+002  4.0000000e+001
  1.5900000e+002  1.5300000e+002  4.0000000e+001
  1.6000000e+002  1.5200000e+002  4.0000000e+001
  1.5300000e+002  1.6300000e+002  4.1000000e+001
  1.5200000e+002  1.6400000e+002  4.1000000e+001
  1.5200000e+002  1.6500000e+002  4.1000000e+001
  1.5100000e+002  1.6600000e+002  4.1000000e+001
  1.5000000e+002  1.6700000e+002  4.1000000e+001
  1.4900000e+002  1.6800000e+002  4.1000000e+001
  1.4900000e+002  1.6900000e+002  4.1000000e+001
  1.4900000e+002  1.7000000e+002  4.1000000e+001
  1.4900000e+002  1.7100000e+002  4.1000000e+001
  1.4800000e+002  1.7200000e+002  4.1000000e+001
  1.5500000e+002  1.6300000e+002  4.2000000e+001
  1.5600000e+002  1.6400000e+002  4.2000000e+001
  1.5700000e+002  1.6500000e+002  4.2000000e+001
  1.5800000e+002  1.6600000e+002  4.2000000e+001
  1.5900000e+002  1.6700000e+002  4.2000000e+001
  1.5900000e+002  1.6800000e+002  4.2000000e+001
  1.5900000e+002  1.6900000e+002  4.2000000e+001
  1.5900000e+002  1.7000000e+002  4.2000000e+001
  1.5900000e+002  1.7100000e+002  4.2000000e+001
  1.6000000e+002  1.7200000e+002  4.2000000e+001
  2.3900000e+002  1.2900000e+002  4.3000000e+001
  2.4000000e+002  1.2800000e+002  4.3000000e+001
  2.4100000e+002  1.2700000e+002  4.3000000e+001
  2.4200000e+002  1.2700000e+002  4.3000000e+001
  2.4300000e+002  1.2600000e+002  4.3000000e+001
  2.4400000e+002  1.2600000e+002  4.3000000e+001
  2.4500000e+002  1.2500000e+002  4.3000000e+001
  2.4600000e+002  1.2500000e+002  4.3000000e+001
  2.4700000e+002  1.2400000e+002  4.3000000e+001
  2.4800000e+002  1.2400000e+002  4.3000000e+001
  2.3700000e+002  1.3100000e+002  4.4000000e+001
  2.3600000e+002  1.3100000e+002  4.4000000e+001
  2.3500000e+002  1.3200000e+002  4.4000000e+001
  2.3400000e+002  1.3200000e+002  4.4000000e+001
  2.3300000e+002  1.3300000e+002  4.4000000e+001
  2.3200000e+002  1.3300000e+002  4.4000000e+001
  2.3100000e+002  1.3300000e+002  4.4000000e+001
  2.3000000e+002  1.3300000e+002  4.4000000e+001
  2.2900000e+002  1.3300000e+002  4.4000000e+001
  2.2800000e+002  1.3300000e+002  4.4000000e+001
  2.3900000e+002  1.3100000e+002  4.5000000e+001
  2.4000000e+002  1.3100000e+002  4.5000000e+001
  2.4100000e+002  1.3200000e+002  4.5000000e+001
  2.4200000e+002  1.3200000e+002  4.5000000e+001
  2.4300000e+002  1.3200000e+002  4.5000000e+001
  2.4400000e+002  1.3100000e+002  4.5000000e+001
  2.4500000e+002  1.3100000e+002  4.5000000e+001
  2.4600000e+002  1.3100000e+002  4.5000000e+001
  2.4700000e+002  1.3100000e+002  4.5000000e+001
  2.4800000e+002  1.3000000e+002  4.5000000e+001
  2.6800000e+002  1.3400000e+002  4.6000000e+001
  2.6700000e+002  1.3300000e+002  4.6000000e+001
  2.6600000e+002  1.3400000e+002  4.6000000e+001
  2.6500000e+002  1.3400000e+002  4.6000000e+001
  2.6400000e+002  1.3400000e+002  4.6000000e+001
  2.6300000e+002  1.3400000e+002  4.6000000e+001
  2.6200000e+002  1.3400000e+002  4.6000000e+001
  2.6100000e+002  1.3400000e+002  4.6000000e+001
  2.6000000e+002  1.3400000e+002  4.6000000e+001
  2.5900000e+002  1.3500000e+002  4.6000000e+001
  2.7000000e+002  1.3400000e+002  4.7000000e+001
  2.7100000e+002  1.3400000e+002  4.7000000e+001
  2.7200000e+002  1.3300000e+002  4.7000000e+001
  2.7300000e+002  1.3200000e+002  4.7000000e+001
  2.7400000e+002  1.3200000e+002  4.7000000e+001
  2.7500000e+002  1.3200000e+002  4.7000000e+001
  2.7600000e+002  1.3100000e+002  4.7000000e+001
  2.7700000e+002  1.3100000e+002  4.7000000e+001
  2.7800000e+002  1.3000000e+002  4.7000000e+001
  2.7900000e+002  1.3000000e+002  4.7000000e+001
  2.6800000e+002  1.3600000e+002  4.8000000e+001
  2.6800000e+002  1.3700000e+002  4.8000000e+001
  2.6700000e+002  1.3800000e+002  4.8000000e+001
  2.6600000e+002  1.3900000e+002  4.8000000e+001
  2.6500000e+002  1.3900000e+002  4.8000000e+001
  2.6400000e+002  1.3900000e+002  4.8000000e+001
  2.6300000e+002  1.4000000e+002  4.8000000e+001
  2.6200000e+002  1.4000000e+002  4.8000000e+001
  2.6100000e+002  1.4000000e+002  4.8000000e+001
  2.6000000e+002  1.4000000e+002  4.8000000e+001
  2.1700000e+002  1.4700000e+002  4.9000000e+001
  2.1800000e+002  1.4600000e+002  4.9000000e+001
  2.1900000e+002  1.4500000e+002  4.9000000e+001
  2.2000000e+002  1.4500000e+002  4.9000000e+001
  2.2100000e+002  1.4400000e+002  4.9000000e+001
  2.2200000e+002  1.4400000e+002  4.9000000e+001
  2.2300000e+002  1.4300000e+002  4.9000000e+001
  2.2400000e+002  1.4300000e+002  4.9000000e+001
  2.2500000e+002  1.4300000e+002  4.9000000e+001
  2.2600000e+002  1.4200000e+002  4.9000000e+001
  2.1500000e+002  1.4800000e+002  5.0000000e+001
  2.1400000e+002  1.4800000e+002  5.0000000e+001
  2.1300000e+002  1.4900000e+002  5.0000000e+001
  2.1200000e+002  1.4900000e+002  5.0000000e+001
  2.1100000e+002  1.4800000e+002  5.0000000e+001
  2.1000000e+002  1.4800000e+002  5.0000000e+001
  2.0900000e+002  1.4800000e+002  5.0000000e+001
  2.0800000e+002  1.4900000e+002  5.0000000e+001
  2.0700000e+002  1.4900000e+002  5.0000000e+001
  2.0600000e+002  1.5000000e+002  5.0000000e+001
  2.1700000e+002  1.4900000e+002  5.1000000e+001
  2.1800000e+002  1.4900000e+002  5.1000000e+001
  2.1900000e+002  1.5000000e+002  5.1000000e+001
  2.2000000e+002  1.5000000e+002  5.1000000e+001
  2.2100000e+002  1.5000000e+002  5.1000000e+001
  2.2200000e+002  1.4900000e+002  5.1000000e+001
  2.2300000e+002  1.4900000e+002  5.1000000e+001
  2.2400000e+002  1.4900000e+002  5.1000000e+001
  2.2500000e+002  1.4900000e+002  5.1000000e+001
  2.2600000e+002  1.4900000e+002  5.1000000e+001
  2.0000000e+002  1.7400000e+002  5.2000000e+001
  2.0100000e+002  1.7300000e+002  5.2000000e+001
  2.0200000e+002  1.7200000e+002  5.2000000e+001
  2.0300000e+002  1.7200000e+002  5.2000000e+001
  2.0400000e+002  1.7200000e+002  5.2000000e+001
  2.0500000e+002  1.7100000e+002  5.2000000e+001
  2.0600000e+002  1.7100000e+002  5.2000000e+001
  2.0700000e+002  1.7100000e+002  5.2000000e+001
  2.0800000e+002  1.7100000e+002  5.2000000e+001
  2.0900000e+002  1.7100000e+002  5.2000000e+001
  1.9800000e+002  1.7500000e+002  5.3000000e+001
  1.9700000e+002  1.7400000e+002  5.3000000e+001
  1.9600000e+002  1.7400000e+002  5.3000000e+001
  1.9500000e+002  1.7400000e+002  5.3000000e+001
  1.9400000e+002  1.7400000e+002  5.3000000e+001
  1.9300000e+002  1.7400000e+002  5.3000000e+001
  1.9200000e+002  1.7300000e+002  5.3000000e+001
  1.9100000e+002  1.7300000e+002  5.3000000e+001
  1.9000000e+002  1.7200000e+002  5.3000000e+001
  1.8900000e+002  1.7200000e+002  5.3000000e+001
  2.0000000e+002  1.7600000e+002  5.4000000e+001
  2.0100000e+002  1.7700000e+002  5.4000000e+001
  2.0200000e+002  1.7700000e+002  5.4000000e+001
  2.0300000e+002  1.7800000e+002  5.4000000e+001
  2.0400000e+002  1.7800000e+002  5.4000000e+001
  2.0500000e+002  1.7800000e+002  5.4000000e+001
  2.0600000e+002  1.7800000e+002  5.4000000e+001
  2.0700000e+002  1.7800000e+002  5.4000000e+001
  2.0800000e+002  1.7800000e+002  5.4000000e+001
  2.0900000e+002  1.7800000e+002  5.4000000e+001
