  2.3200000e+002  2.3000000e+001 -8.8265136e-001
  1.7600000e+002  8.9000000e+001  3.1415927e+000
  1.2100000e+002  6.4000000e+001  2.1587989e+000
  1.2500000e+002  1.1300000e+002  6.7474094e-001
  1.3600000e+002  1.0100000e+002 -2.8399736e+000
  2.4100000e+002  6.9000000e+001  2.3311997e+000
  2.8100000e+002  2.8000000e+001  2.9656530e+000
  2.3900000e+002  4.3000000e+001 -9.2374913e-001
  1.4200000e+002  1.7000000e+001 -1.0141970e+000
  1.1300000e+002  3.8000000e+001  2.4194013e+000
  2.9500000e+002  4.6000000e+001 -2.9872739e+000
  1.1100000e+002  3.6000000e+001 -7.2664234e-001
  2.1300000e+002  7.5000000e+001  2.0988708e+000
  2.7600000e+002  3.9000000e+001 -6.0322985e-001
  2.4500000e+002  7.4000000e+001  2.2589413e+000
  2.1000000e+001  6.6000000e+001  2.6868734e+000
  2.9300000e+002  5.4000000e+001 -4.3662716e-001
  1.5900000e+002  6.5000000e+001 -6.8814497e-001
  3.0000000e+002  7.2000000e+001 -5.2391935e-001
  3.9000000e+001  9.1000000e+001  2.7999772e+000
  8.3000000e+001  9.4000000e+001  2.7610863e+000
  1.3800000e+002  1.8600000e+002 -2.1273956e+000
  3.0000000e+001  9.0000000e+001  2.9229237e+000
  2.6000000e+001  7.9000000e+001 -4.8995733e-001
  1.2300000e+002  1.3000000e+002  8.5670563e-001
  1.8400000e+002  9.7000000e+001  8.4247895e-001
  2.7000000e+001  1.0000000e+002  0.0000000e+000
  3.8000000e+001  1.0000000e+002 -1.1065722e-001
  8.4000000e+001  1.0100000e+002  0.0000000e+000
  3.0300000e+002  2.1000000e+002 -1.0303768e+000
  2.8600000e+002  1.3000000e+002  1.9320001e+000
  2.9100000e+002  2.4000000e+002 -2.2589413e+000
  3.0200000e+002  1.4500000e+002 -9.6756647e-001
  1.7400000e+002  2.3900000e+002 -1.7251151e+000
  1.2300000e+002  2.3300000e+002 -1.8313987e+000
  2.9100000e+002  2.0500000e+002  1.9320001e+000
  1.3500000e+002  2.0800000e+002  1.1341692e+000
  1.4100000e+002  2.4000000e+002 -1.3310532e+000
  1.5900000e+002  1.4300000e+002  2.0271448e+000
  1.5700000e+002  1.4400000e+002 -1.9974238e+000
  1.5900000e+002  1.4500000e+002  1.0575441e+000
  2.2700000e+002  1.0200000e+002 -1.8870825e+000
  2.2900000e+002  1.0300000e+002  1.7506498e+000
  2.2700000e+002  1.0400000e+002 -1.0999025e+000
  2.3200000e+002  2.3000000e+001  1.0000000e+000
  2.3100000e+002  2.4000000e+001  1.0000000e+000
  2.3000000e+002  2.4000000e+001  1.0000000e+000
  2.2900000e+002  2.5000000e+001  1.0000000e+000
  2.2800000e+002  2.6000000e+001  1.0000000e+000
  2.2700000e+002  2.7000000e+001  1.0000000e+000
  2.2600000e+002  2.8000000e+001  1.0000000e+000
  2.2500000e+002  2.9000000e+001  1.0000000e+000
  2.2400000e+002  3.0000000e+001  1.0000000e+000
  2.2300000e+002  3.1000000e+001  1.0000000e+000
  1.7600000e+002  8.9000000e+001  2.0000000e+000
  1.7600000e+002  8.8000000e+001  2.0000000e+000
  1.7600000e+002  8.7000000e+001  2.0000000e+000
  1.7600000e+002  8.6000000e+001  2.0000000e+000
  1.7600000e+002  8.5000000e+001  2.0000000e+000
  1.7600000e+002  8.4000000e+001  2.0000000e+000
  1.7600000e+002  8.3000000e+001  2.0000000e+000
  1.7600000e+002  8.2000000e+001  2.0000000e+000
  1.7600000e+002  8.1000000e+001  2.0000000e+000
  1.7600000e+002  8.0000000e+001  2.0000000e+000
  1.2100000e+002  6.4000000e+001  3.0000000e+000
  1.2200000e+002  6.3000000e+001  3.0000000e+000
  1.2300000e+002  6.3000000e+001  3.0000000e+000
  1.2400000e+002  6.2000000e+001  3.0000000e+000
  1.2500000e+002  6.1000000e+001  3.0000000e+000
  1.2600000e+002  6.1000000e+001  3.0000000e+000
  1.2700000e+002  6.0000000e+001  3.0000000e+000
  1.2800000e+002  5.9000000e+001  3.0000000e+000
  1.2900000e+002  5.9000000e+001  3.0000000e+000
  1.3000000e+002  5.8000000e+001  3.0000000e+000
  1.2500000e+002  1.1300000e+002  4.0000000e+000
  1.2600000e+002  1.1400000e+002  4.0000000e+000
  1.2600000e+002  1.1500000e+002  4.0000000e+000
  1.2700000e+002  1.1600000e+002  4.0000000e+000
  1.2800000e+002  1.1700000e+002  4.0000000e+000
  1.2900000e+002  1.1800000e+002  4.0000000e+000
  1.3000000e+002  1.1900000e+002  4.0000000e+000
  1.3100000e+002  1.2000000e+002  4.0000000e+000
  1.3200000e+002  1.2100000e+002  4.0000000e+000
  1.3200000e+002  1.2200000e+002  4.0000000e+000
  1.3600000e+002  1.0100000e+002  5.0000000e+000
  1.3500000e+002  1.0000000e+002  5.0000000e+000
  1.3500000e+002  9.9000000e+001  5.0000000e+000
  1.3500000e+002  9.8000000e+001  5.0000000e+000
  1.3500000e+002  9.7000000e+001  5.0000000e+000
  1.3400000e+002  9.6000000e+001  5.0000000e+000
  1.3400000e+002  9.5000000e+001  5.0000000e+000
  1.3400000e+002  9.4000000e+001  5.0000000e+000
  1.3400000e+002  9.3000000e+001  5.0000000e+000
  1.3400000e+002  9.2000000e+001  5.0000000e+000
  2.4100000e+002  6.9000000e+001  6.0000000e+000
  2.4200000e+002  6.8000000e+001  6.0000000e+000
  2.4300000e+002  6.7000000e+001  6.0000000e+000
  2.4400000e+002  6.6000000e+001  6.0000000e+000
  2.4500000e+002  6.6000000e+001  6.0000000e+000
  2.4600000e+002  6.5000000e+001  6.0000000e+000
  2.4600000e+002  6.4000000e+001  6.0000000e+000
  2.4700000e+002  6.3000000e+001  6.0000000e+000
  2.4800000e+002  6.2000000e+001  6.0000000e+000
  2.4900000e+002  6.1000000e+001  6.0000000e+000
  2.8100000e+002  2.8000000e+001  7.0000000e+000
  2.8100000e+002  2.7000000e+001  7.0000000e+000
  2.8200000e+002  2.6000000e+001  7.0000000e+000
  2.8200000e+002  2.5000000e+001  7.0000000e+000
  2.8200000e+002  2.4000000e+001  7.0000000e+000
  2.8200000e+002  2.3000000e+001  7.0000000e+000
  2.8200000e+002  2.2000000e+001  7.0000000e+000
  2.8200000e+002  2.1000000e+001  7.0000000e+000
  2.8200000e+002  2.0000000e+001  7.0000000e+000
  2.8200000e+002  1.9000000e+001  7.0000000e+000
  2.3900000e+002  4.3000000e+001  8.0000000e+000
  2.3800000e+002  4.4000000e+001  8.0000000e+000
  2.3700000e+002  4.4000000e+001  8.0000000e+000
  2.3600000e+002  4.5000000e+001  8.0000000e+000
  2.3500000e+002  4.6000000e+001  8.0000000e+000
  2.3400000e+002  4.7000000e+001  8.0000000e+000
  2.3300000e+002  4.8000000e+001  8.0000000e+000
  2.3200000e+002  4.8000000e+001  8.0000000e+000
  2.3100000e+002  4.9000000e+001  8.0000000e+000
  2.3000000e+002  5.0000000e+001  8.0000000e+000
  1.4200000e+002  1.7000000e+001  9.0000000e+000
  1.4100000e+002  1.8000000e+001  9.0000000e+000
  1.4000000e+002  1.8000000e+001  9.0000000e+000
  1.3900000e+002  1.9000000e+001  9.0000000e+000
  1.3800000e+002  2.0000000e+001  9.0000000e+000
  1.3700000e+002  2.0000000e+001  9.0000000e+000
  1.3600000e+002  2.1000000e+001  9.0000000e+000
  1.3500000e+002  2.1000000e+001  9.0000000e+000
  1.3400000e+002  2.2000000e+001  9.0000000e+000
  1.3300000e+002  2.2000000e+001  9.0000000e+000
  1.1300000e+002  3.8000000e+001  1.0000000e+001
  1.1400000e+002  3.7000000e+001  1.0000000e+001
  1.1400000e+002  3.6000000e+001  1.0000000e+001
  1.1500000e+002  3.5000000e+001  1.0000000e+001
  1.1600000e+002  3.4000000e+001  1.0000000e+001
  1.1700000e+002  3.3000000e+001  1.0000000e+001
  1.1800000e+002  3.2000000e+001  1.0000000e+001
  1.1900000e+002  3.2000000e+001  1.0000000e+001
  1.2000000e+002  3.1000000e+001  1.0000000e+001
  1.2100000e+002  3.0000000e+001  1.0000000e+001
  2.9500000e+002  4.6000000e+001  1.1000000e+001
  2.9400000e+002  4.5000000e+001  1.1000000e+001
  2.9400000e+002  4.4000000e+001  1.1000000e+001
  2.9400000e+002  4.3000000e+001  1.1000000e+001
  2.9400000e+002  4.2000000e+001  1.1000000e+001
  2.9400000e+002  4.1000000e+001  1.1000000e+001
  2.9400000e+002  4.0000000e+001  1.1000000e+001
  2.9400000e+002  3.9000000e+001  1.1000000e+001
  2.9500000e+002  3.8000000e+001  1.1000000e+001
  2.9500000e+002  3.7000000e+001  1.1000000e+001
  1.1100000e+002  3.6000000e+001  1.2000000e+001
  1.1000000e+002  3.7000000e+001  1.2000000e+001
  1.0900000e+002  3.8000000e+001  1.2000000e+001
  1.0800000e+002  3.9000000e+001  1.2000000e+001
  1.0700000e+002  4.0000000e+001  1.2000000e+001
  1.0700000e+002  4.1000000e+001  1.2000000e+001
  1.0600000e+002  4.2000000e+001  1.2000000e+001
  1.0500000e+002  4.3000000e+001  1.2000000e+001
  1.0400000e+002  4.4000000e+001  1.2000000e+001
  1.0300000e+002  4.5000000e+001  1.2000000e+001
  2.1300000e+002  7.5000000e+001  1.3000000e+001
  2.1400000e+002  7.5000000e+001  1.3000000e+001
  2.1500000e+002  7.4000000e+001  1.3000000e+001
  2.1600000e+002  7.3000000e+001  1.3000000e+001
  2.1700000e+002  7.3000000e+001  1.3000000e+001
  2.1800000e+002  7.2000000e+001  1.3000000e+001
  2.1900000e+002  7.1000000e+001  1.3000000e+001
  2.2000000e+002  7.1000000e+001  1.3000000e+001
  2.2100000e+002  7.0000000e+001  1.3000000e+001
  2.7600000e+002  3.9000000e+001  1.4000000e+001
  2.7600000e+002  4.0000000e+001  1.4000000e+001
  2.7500000e+002  4.1000000e+001  1.4000000e+001
  2.7400000e+002  4.2000000e+001  1.4000000e+001
  2.7300000e+002  4.3000000e+001  1.4000000e+001
  2.7200000e+002  4.4000000e+001  1.4000000e+001
  2.7200000e+002  4.5000000e+001  1.4000000e+001
  2.7100000e+002  4.6000000e+001  1.4000000e+001
  2.7000000e+002  4.7000000e+001  1.4000000e+001
  2.7000000e+002  4.8000000e+001  1.4000000e+001
  2.4500000e+002  7.4000000e+001  1.5000000e+001
  2.4600000e+002  7.3000000e+001  1.5000000e+001
  2.4700000e+002  7.2000000e+001  1.5000000e+001
  2.4800000e+002  7.2000000e+001  1.5000000e+001
  2.4900000e+002  7.1000000e+001  1.5000000e+001
  2.5000000e+002  7.0000000e+001  1.5000000e+001
  2.5100000e+002  6.9000000e+001  1.5000000e+001
  2.5200000e+002  6.8000000e+001  1.5000000e+001
  2.5300000e+002  6.7000000e+001  1.5000000e+001
  2.5400000e+002  6.7000000e+001  1.5000000e+001
  2.1000000e+001  6.6000000e+001  1.6000000e+001
  2.1000000e+001  6.5000000e+001  1.6000000e+001
  2.2000000e+001  6.4000000e+001  1.6000000e+001
  2.2000000e+001  6.3000000e+001  1.6000000e+001
  2.3000000e+001  6.2000000e+001  1.6000000e+001
  2.4000000e+001  6.1000000e+001  1.6000000e+001
  2.4000000e+001  6.0000000e+001  1.6000000e+001
  2.5000000e+001  5.9000000e+001  1.6000000e+001
  2.5000000e+001  5.8000000e+001  1.6000000e+001
  2.5000000e+001  5.7000000e+001  1.6000000e+001
  2.9300000e+002  5.4000000e+001  1.7000000e+001
  2.9300000e+002  5.5000000e+001  1.7000000e+001
  2.9200000e+002  5.6000000e+001  1.7000000e+001
  2.9200000e+002  5.7000000e+001  1.7000000e+001
  2.9100000e+002  5.8000000e+001  1.7000000e+001
  2.9100000e+002  5.9000000e+001  1.7000000e+001
  2.9000000e+002  6.0000000e+001  1.7000000e+001
  2.9000000e+002  6.1000000e+001  1.7000000e+001
  2.8900000e+002  6.2000000e+001  1.7000000e+001
  2.8800000e+002  6.3000000e+001  1.7000000e+001
  1.5900000e+002  6.5000000e+001  1.8000000e+001
  1.5800000e+002  6.6000000e+001  1.8000000e+001
  1.5700000e+002  6.7000000e+001  1.8000000e+001
  1.5600000e+002  6.8000000e+001  1.8000000e+001
  1.5600000e+002  6.9000000e+001  1.8000000e+001
  1.5500000e+002  7.0000000e+001  1.8000000e+001
  1.5400000e+002  7.1000000e+001  1.8000000e+001
  1.5300000e+002  7.2000000e+001  1.8000000e+001
  1.5300000e+002  7.3000000e+001  1.8000000e+001
  1.5200000e+002  7.4000000e+001  1.8000000e+001
  3.0000000e+002  7.2000000e+001  1.9000000e+001
  2.9900000e+002  7.3000000e+001  1.9000000e+001
  2.9900000e+002  7.4000000e+001  1.9000000e+001
  2.9800000e+002  7.5000000e+001  1.9000000e+001
  2.9800000e+002  7.6000000e+001  1.9000000e+001
  2.9700000e+002  7.7000000e+001  1.9000000e+001
  2.9700000e+002  7.8000000e+001  1.9000000e+001
  2.9600000e+002  7.9000000e+001  1.9000000e+001
  2.9500000e+002  8.0000000e+001  1.9000000e+001
  2.9500000e+002  8.1000000e+001  1.9000000e+001
  3.9000000e+001  9.1000000e+001  2.0000000e+001
  4.0000000e+001  9.0000000e+001  2.0000000e+001
  4.0000000e+001  8.9000000e+001  2.0000000e+001
  4.1000000e+001  8.8000000e+001  2.0000000e+001
  4.1000000e+001  8.7000000e+001  2.0000000e+001
  4.1000000e+001  8.6000000e+001  2.0000000e+001
  4.1000000e+001  8.5000000e+001  2.0000000e+001
  4.1000000e+001  8.4000000e+001  2.0000000e+001
  4.1000000e+001  8.3000000e+001  2.0000000e+001
  4.1000000e+001  8.2000000e+001  2.0000000e+001
  8.3000000e+001  9.4000000e+001  2.1000000e+001
  8.4000000e+001  9.3000000e+001  2.1000000e+001
  8.4000000e+001  9.2000000e+001  2.1000000e+001
  8.4000000e+001  9.1000000e+001  2.1000000e+001
  8.5000000e+001  9.0000000e+001  2.1000000e+001
  8.5000000e+001  8.9000000e+001  2.1000000e+001
  8.5000000e+001  8.8000000e+001  2.1000000e+001
  8.6000000e+001  8.7000000e+001  2.1000000e+001
  8.6000000e+001  8.6000000e+001  2.1000000e+001
  8.6000000e+001  8.5000000e+001  2.1000000e+001
  1.3800000e+002  1.8600000e+002  2.2000000e+001
  1.3700000e+002  1.8500000e+002  2.2000000e+001
  1.3600000e+002  1.8400000e+002  2.2000000e+001
  1.3500000e+002  1.8400000e+002  2.2000000e+001
  1.3400000e+002  1.8300000e+002  2.2000000e+001
  1.3300000e+002  1.8300000e+002  2.2000000e+001
  1.3200000e+002  1.8200000e+002  2.2000000e+001
  1.3100000e+002  1.8200000e+002  2.2000000e+001
  1.3000000e+002  1.8200000e+002  2.2000000e+001
  1.2900000e+002  1.8100000e+002  2.2000000e+001
  3.0000000e+001  9.0000000e+001  2.3000000e+001
  3.0000000e+001  8.9000000e+001  2.3000000e+001
  3.0000000e+001  8.8000000e+001  2.3000000e+001
  3.1000000e+001  8.7000000e+001  2.3000000e+001
  3.1000000e+001  8.6000000e+001  2.3000000e+001
  3.1000000e+001  8.5000000e+001  2.3000000e+001
  3.1000000e+001  8.4000000e+001  2.3000000e+001
  3.2000000e+001  8.3000000e+001  2.3000000e+001
  3.2000000e+001  8.2000000e+001  2.3000000e+001
  3.2000000e+001  8.1000000e+001  2.3000000e+001
  2.6000000e+001  7.9000000e+001  2.4000000e+001
  2.5000000e+001  8.0000000e+001  2.4000000e+001
  2.5000000e+001  8.1000000e+001  2.4000000e+001
  2.4000000e+001  8.2000000e+001  2.4000000e+001
  2.3000000e+001  8.3000000e+001  2.4000000e+001
  2.3000000e+001  8.4000000e+001  2.4000000e+001
  2.3000000e+001  8.5000000e+001  2.4000000e+001
  2.3000000e+001  8.6000000e+001  2.4000000e+001
  2.2000000e+001  8.7000000e+001  2.4000000e+001
  2.2000000e+001  8.8000000e+001  2.4000000e+001
  1.2300000e+002  1.3000000e+002  2.5000000e+001
  1.2400000e+002  1.3100000e+002  2.5000000e+001
  1.2500000e+002  1.3200000e+002  2.5000000e+001
  1.2600000e+002  1.3300000e+002  2.5000000e+001
  1.2700000e+002  1.3300000e+002  2.5000000e+001
  1.2800000e+002  1.3400000e+002  2.5000000e+001
  1.2900000e+002  1.3500000e+002  2.5000000e+001
  1.3000000e+002  1.3600000e+002  2.5000000e+001
  1.3100000e+002  1.3700000e+002  2.5000000e+001
  1.3200000e+002  1.3800000e+002  2.5000000e+001
  1.8400000e+002  9.7000000e+001  2.6000000e+001
  1.8500000e+002  9.8000000e+001  2.6000000e+001
  1.8500000e+002  9.9000000e+001  2.6000000e+001
  1.8600000e+002  1.0000000e+002  2.6000000e+001
  1.8700000e+002  1.0000000e+002  2.6000000e+001
  1.8800000e+002  1.0100000e+002  2.6000000e+001
  1.8900000e+002  1.0100000e+002  2.6000000e+001
  1.9000000e+002  1.0200000e+002  2.6000000e+001
  1.9100000e+002  1.0200000e+002  2.6000000e+001
  1.9200000e+002  1.0300000e+002  2.6000000e+001
  2.7000000e+001  1.0000000e+002  2.7000000e+001
  2.7000000e+001  1.0100000e+002  2.7000000e+001
  2.7000000e+001  1.0200000e+002  2.7000000e+001
  2.7000000e+001  1.0300000e+002  2.7000000e+001
  2.7000000e+001  1.0400000e+002  2.7000000e+001
  2.7000000e+001  1.0500000e+002  2.7000000e+001
  2.7000000e+001  1.0600000e+002  2.7000000e+001
  2.7000000e+001  1.0700000e+002  2.7000000e+001
  2.7000000e+001  1.0800000e+002  2.7000000e+001
  2.7000000e+001  1.0900000e+002  2.7000000e+001
  3.8000000e+001  1.0000000e+002  2.8000000e+001
  3.8000000e+001  1.0100000e+002  2.8000000e+001
  3.8000000e+001  1.0200000e+002  2.8000000e+001
  3.8000000e+001  1.0300000e+002  2.8000000e+001
  3.8000000e+001  1.0400000e+002  2.8000000e+001
  3.7000000e+001  1.0500000e+002  2.8000000e+001
  3.7000000e+001  1.0600000e+002  2.8000000e+001
  3.7000000e+001  1.0700000e+002  2.8000000e+001
  3.7000000e+001  1.0800000e+002  2.8000000e+001
  3.7000000e+001  1.0900000e+002  2.8000000e+001
  8.4000000e+001  1.0100000e+002  2.9000000e+001
  8.4000000e+001  1.0200000e+002  2.9000000e+001
  8.4000000e+001  1.0300000e+002  2.9000000e+001
  8.4000000e+001  1.0400000e+002  2.9000000e+001
  8.4000000e+001  1.0500000e+002  2.9000000e+001
  8.4000000e+001  1.0600000e+002  2.9000000e+001
  8.4000000e+001  1.0700000e+002  2.9000000e+001
  8.4000000e+001  1.0800000e+002  2.9000000e+001
  8.4000000e+001  1.0900000e+002  2.9000000e+001
  8.4000000e+001  1.1000000e+002  2.9000000e+001
  3.0300000e+002  2.1000000e+002  3.0000000e+001
  3.0200000e+002  2.1100000e+002  3.0000000e+001
  3.0100000e+002  2.1100000e+002  3.0000000e+001
  3.0000000e+002  2.1200000e+002  3.0000000e+001
  2.9900000e+002  2.1300000e+002  3.0000000e+001
  2.9800000e+002  2.1300000e+002  3.0000000e+001
  2.9700000e+002  2.1300000e+002  3.0000000e+001
  2.9600000e+002  2.1400000e+002  3.0000000e+001
  2.9500000e+002  2.1500000e+002  3.0000000e+001
  2.9400000e+002  2.1500000e+002  3.0000000e+001
  2.8600000e+002  1.3000000e+002  3.1000000e+001
  2.8700000e+002  1.3000000e+002  3.1000000e+001
  2.8800000e+002  1.3000000e+002  3.1000000e+001
  2.8900000e+002  1.3000000e+002  3.1000000e+001
  2.9000000e+002  1.2900000e+002  3.1000000e+001
  2.9100000e+002  1.2800000e+002  3.1000000e+001
  2.9200000e+002  1.2800000e+002  3.1000000e+001
  2.9300000e+002  1.2700000e+002  3.1000000e+001
  2.9400000e+002  1.2600000e+002  3.1000000e+001
  2.9500000e+002  1.2500000e+002  3.1000000e+001
  2.9100000e+002  2.4000000e+002  3.2000000e+001
  2.9000000e+002  2.3900000e+002  3.2000000e+001
  2.8900000e+002  2.3800000e+002  3.2000000e+001
  2.8800000e+002  2.3700000e+002  3.2000000e+001
  2.8700000e+002  2.3600000e+002  3.2000000e+001
  2.8600000e+002  2.3600000e+002  3.2000000e+001
  2.8500000e+002  2.3500000e+002  3.2000000e+001
  2.8400000e+002  2.3400000e+002  3.2000000e+001
  2.8300000e+002  2.3400000e+002  3.2000000e+001
  2.8200000e+002  2.3400000e+002  3.2000000e+001
  3.0200000e+002  1.4500000e+002  3.3000000e+001
  3.0100000e+002  1.4600000e+002  3.3000000e+001
  3.0000000e+002  1.4700000e+002  3.3000000e+001
  2.9900000e+002  1.4700000e+002  3.3000000e+001
  2.9800000e+002  1.4800000e+002  3.3000000e+001
  2.9700000e+002  1.4800000e+002  3.3000000e+001
  2.9600000e+002  1.4900000e+002  3.3000000e+001
  2.9500000e+002  1.5000000e+002  3.3000000e+001
  2.9400000e+002  1.5000000e+002  3.3000000e+001
  2.9300000e+002  1.5100000e+002  3.3000000e+001
  1.7400000e+002  2.3900000e+002  3.4000000e+001
  1.7300000e+002  2.3900000e+002  3.4000000e+001
  1.7200000e+002  2.3900000e+002  3.4000000e+001
  1.7100000e+002  2.3800000e+002  3.4000000e+001
  1.7000000e+002  2.3800000e+002  3.4000000e+001
  1.6900000e+002  2.3800000e+002  3.4000000e+001
  1.6800000e+002  2.3800000e+002  3.4000000e+001
  1.6700000e+002  2.3800000e+002  3.4000000e+001
  1.6600000e+002  2.3800000e+002  3.4000000e+001
  1.6500000e+002  2.3800000e+002  3.4000000e+001
  1.2300000e+002  2.3300000e+002  3.5000000e+001
  1.2200000e+002  2.3300000e+002  3.5000000e+001
  1.2100000e+002  2.3200000e+002  3.5000000e+001
  1.2000000e+002  2.3200000e+002  3.5000000e+001
  1.1900000e+002  2.3200000e+002  3.5000000e+001
  1.1800000e+002  2.3200000e+002  3.5000000e+001
  1.1700000e+002  2.3100000e+002  3.5000000e+001
  1.1600000e+002  2.3100000e+002  3.5000000e+001
  1.1500000e+002  2.3100000e+002  3.5000000e+001
  1.1400000e+002  2.3100000e+002  3.5000000e+001
  2.9100000e+002  2.0500000e+002  3.6000000e+001
  2.9200000e+002  2.0500000e+002  3.6000000e+001
  2.9300000e+002  2.0500000e+002  3.6000000e+001
  2.9400000e+002  2.0500000e+002  3.6000000e+001
  2.9500000e+002  2.0400000e+002  3.6000000e+001
  2.9600000e+002  2.0300000e+002  3.6000000e+001
  2.9700000e+002  2.0300000e+002  3.6000000e+001
  2.9800000e+002  2.0200000e+002  3.6000000e+001
  2.9900000e+002  2.0100000e+002  3.6000000e+001
  3.0000000e+002  2.0000000e+002  3.6000000e+001
  1.3500000e+002  2.0800000e+002  3.7000000e+001
  1.3600000e+002  2.0900000e+002  3.7000000e+001
  1.3700000e+002  2.0900000e+002  3.7000000e+001
  1.3800000e+002  2.0900000e+002  3.7000000e+001
  1.3900000e+002  2.1000000e+002  3.7000000e+001
  1.4000000e+002  2.1000000e+002  3.7000000e+001
  1.4100000e+002  2.1100000e+002  3.7000000e+001
  1.4200000e+002  2.1100000e+002  3.7000000e+001
  1.4300000e+002  2.1200000e+002  3.7000000e+001
  1.4400000e+002  2.1200000e+002  3.7000000e+001
  1.4100000e+002  2.4000000e+002  3.8000000e+001
  1.4000000e+002  2.4000000e+002  3.8000000e+001
  1.3900000e+002  2.4000000e+002  3.8000000e+001
  1.3800000e+002  2.4100000e+002  3.8000000e+001
  1.3700000e+002  2.4100000e+002  3.8000000e+001
  1.3600000e+002  2.4100000e+002  3.8000000e+001
  1.3500000e+002  2.4200000e+002  3.8000000e+001
  1.3400000e+002  2.4200000e+002  3.8000000e+001
  1.3300000e+002  2.4200000e+002  3.8000000e+001
  1.3200000e+002  2.4200000e+002  3.8000000e+001
  1.5900000e+002  1.4300000e+002  3.9000000e+001
  1.6000000e+002  1.4200000e+002  3.9000000e+001
  1.6100000e+002  1.4100000e+002  3.9000000e+001
  1.6200000e+002  1.4000000e+002  3.9000000e+001
  1.6300000e+002  1.4000000e+002  3.9000000e+001
  1.6400000e+002  1.4100000e+002  3.9000000e+001
  1.6500000e+002  1.4100000e+002  3.9000000e+001
  1.6600000e+002  1.4100000e+002  3.9000000e+001
  1.6700000e+002  1.4200000e+002  3.9000000e+001
  1.6800000e+002  1.4200000e+002  3.9000000e+001
  1.5700000e+002  1.4400000e+002  4.0000000e+001
  1.5600000e+002  1.4300000e+002  4.0000000e+001
  1.5500000e+002  1.4300000e+002  4.0000000e+001
  1.5400000e+002  1.4300000e+002  4.0000000e+001
  1.5300000e+002  1.4200000e+002  4.0000000e+001
  1.5200000e+002  1.4100000e+002  4.0000000e+001
  1.5100000e+002  1.4100000e+002  4.0000000e+001
  1.5000000e+002  1.4000000e+002  4.0000000e+001
  1.4900000e+002  1.3900000e+002  4.0000000e+001
  1.4800000e+002  1.3900000e+002  4.0000000e+001
  1.5900000e+002  1.4500000e+002  4.1000000e+001
  1.6000000e+002  1.4500000e+002  4.1000000e+001
  1.6100000e+002  1.4600000e+002  4.1000000e+001
  1.6200000e+002  1.4600000e+002  4.1000000e+001
  1.6300000e+002  1.4700000e+002  4.1000000e+001
  1.6400000e+002  1.4700000e+002  4.1000000e+001
  1.6500000e+002  1.4800000e+002  4.1000000e+001
  1.6600000e+002  1.4900000e+002  4.1000000e+001
  1.6700000e+002  1.4900000e+002  4.1000000e+001
  1.6800000e+002  1.4900000e+002  4.1000000e+001
  2.2700000e+002  1.0200000e+002  4.2000000e+001
  2.2600000e+002  1.0200000e+002  4.2000000e+001
  2.2500000e+002  1.0100000e+002  4.2000000e+001
  2.2400000e+002  1.0100000e+002  4.2000000e+001
  2.2300000e+002  1.0100000e+002  4.2000000e+001
  2.2200000e+002  1.0100000e+002  4.2000000e+001
  2.2100000e+002  1.0100000e+002  4.2000000e+001
  2.2000000e+002  1.0100000e+002  4.2000000e+001
  2.1900000e+002  1.0100000e+002  4.2000000e+001
  2.1800000e+002  1.0100000e+002  4.2000000e+001
  2.2900000e+002  1.0300000e+002  4.3000000e+001
  2.3000000e+002  1.0300000e+002  4.3000000e+001
  2.3100000e+002  1.0300000e+002  4.3000000e+001
  2.3200000e+002  1.0200000e+002  4.3000000e+001
  2.3300000e+002  1.0200000e+002  4.3000000e+001
  2.3400000e+002  1.0200000e+002  4.3000000e+001
  2.3500000e+002  1.0200000e+002  4.3000000e+001
  2.3600000e+002  1.0100000e+002  4.3000000e+001
  2.3700000e+002  1.0100000e+002  4.3000000e+001
  2.3800000e+002  1.0100000e+002  4.3000000e+001
  2.2700000e+002  1.0400000e+002  4.4000000e+001
  2.2600000e+002  1.0500000e+002  4.4000000e+001
  2.2500000e+002  1.0600000e+002  4.4000000e+001
  2.2400000e+002  1.0600000e+002  4.4000000e+001
  2.2300000e+002  1.0600000e+002  4.4000000e+001
  2.2200000e+002  1.0600000e+002  4.4000000e+001
  2.2100000e+002  1.0600000e+002  4.4000000e+001
  2.2000000e+002  1.0600000e+002  4.4000000e+001
  2.1900000e+002  1.0600000e+002  4.4000000e+001
  2.1800000e+002  1.0700000e+002  4.4000000e+001
